
1284.541375,515.392054
1424.815796,1099.012193
1083.395374,533.323021
1696.970177,1095.302972
1424.815796,1099.012193
1303.909649,1118.743761
2032.415008,295.222479
1083.395374,533.323021
1104.345916,615.135379
1885.330433,2685.592360
2410.179012,57.816163
2651.732646,3077.307044
3758.271755,376.267090






2507.610604,5558.677569
2746.712073,4109.921917
3775.215849,4032.395453
3743.443360,4057.150436
3743.443360,4057.150436
3539.301092,4098.346411
149.079914,2848.780258
149.079914,2848.780258
3955.266267,3568.563158
3884.383207,3954.686436
3834.128245,4015.095509
3847.957178,4003.500967
3834.128245,4015.095509
3864.998483,3961.991233

